517
205
383
122
31
196
429
273
325
984
138
902
335
240
955
647
536
417
307
654
419
887
72
990
931
574
912
667
821
494
116
145
865
938
768
668
356
68
861
444
233
750
234
406
618
856
2
620
477
463
770
996
431
403
791
609
999
623
87
940
973
829
919
30
913
669
530
833
939
570
957
86
150
584
561
790
95
355
178
285
340
287
34
376
40
405
659
687
187
747
925
21
567
319
608
253
57
559
632
503
971
332
929
678
23
385
779
498
664
312
729
896
675
560
592
42
229
742
235
930
834
181
673
722
816
653
258
690
549
255
732
381
714
824
113
512
284
817
152
44
922
947
741
25
303
93
866
794
166
343
706
97
469
214
725
207
414
781
862
749
945
648
58
167
246
283
553
825
483
466
607
541
103
967
525
210
753
881
418
256
231
114
906
640
488
928
533
772
317
19
346
617
132
226
540
832
700
823
188
427
13
951
20
453
953
15
721
127
776
992
251
636
277
532
844
497
671
988
361
143
583
797
171
451
377
85
578
131
814
735
889
290
868
493
354
712
64
318
280
141
783
126
793
857
310
302
748
534
467
105
786
820
200
565
773
890
949
818
502
527
871
447
147
387
98
606
936
339
468
365
435
399
160
401
267
293
761
884
276
308
341
507
402
681
575
421
43
295
505
292
232
576
800
80
219
424
780
162
985
601
841
581
123
398
891
309
471
528
241
320
374
495
874
680
0
6
136
812
119
894
315
637
593
666
27
409
627
428
987
3
134
658
515
391
707
719
112
944
716
875
314
218
577
727
212
192
124
730
442
333
737
271
32
239
135
859
458
393
545
183
382
222
822
763
250
903
7
911
850
774
782
140
485
156
51
740
460
703
755
745
598
888
202
590
204
715
146
245
448
595
238
808
662
738
870
798
228
635
968
191
852
663
278
657
556
792
220
724
612
352
1
674
397
610
142
858
102
67
837
529
37
70
422
415
547
972
195
639
619
36
259
586
227
937
898
247
621
613
711
631
169
337
345
63
660
573
190
260
924
115
321
877
91
208
851
544
108
184
804
854
77
164
306
526
638
932
199
927
645
961
410
371
367
173
99
956
518
359
257
344
739
490
594
805
130
66
810
754
521
426
702
254
10
959
869
558
626
699
708
49
845
168
289
201
994
863
79
602
347
430
275
370
56
492
788
789
41
476
710
90
651
976
175
705
624
265
756
286
701
434
462
760
394
504
839
53
764
193
301
897
272
900
970
216
470
840
809
316
962
440
516
982
691
408
935
249
176
338
878
221
349
264
154
404
969
693
336
379
388
819
288
165
572
571
524
568
885
362
744
991
101
876
62
752
395
920
461
109
977
569
908
282
104
918
650
84
209
194
76
243
921
682
974
933
149
369
322
269
445
670
679
523
993
331
12
224
372
979
964
600
838
432
777
211
373
478
726
197
652
481
499
172
510
864
125
348
907
185
843
392
665
555
765
880
879
433
641
52
35
677
94
656
683
813
133
986
153
390
479
778
364
846
849
71
157
329
997
855
784
950
686
766
910
465
795
457
111
120
628
948
378
358
437
436
22
473
539
831
614
943
522
472
954
785
899
762
508
351
46
688
736
450
413
496
605
566
274
746
506
438
106
8
644
981
905
734
952
363
89
998
420
217
177
847
917
892
759
242
170
543
155
513
611
110
562
449
215
713
158
159
901
960
836
646
655
107
828
328
4
622
963
915
934
213
326
580
684
353
685
198
853
642
148
446
757
300
425
296
236
186
830
587
731
597
842
464
144
728
74
709
366
603
5
92
799
867
26
327
827
384
55
787
718
564
520
500
47
50
537
139
81
803
491
118
412
923
615
634
163
360
723
717
548
297
182
11
60
926
796
616
54
692
872
886
237
386
416
311
456
914
775
75
538
835
100
45
873
17
806
313
604
807
400
511
625
206
304
697
203
579
484
811
455
698
96
704
189
279
39
223
487
551
262
815
552
380
350
83
423
589
883
121
14
802
443
689
18
672
535
16
751
266
375
733
769
480
743
174
128
519
281
801
557
137
330
180
585
357
9
958
65
542
294
29
546
117
720
629
942
486
661
909
882
225
848
82
389
596
263
324
904
305
244
860
407
248
454
298
767
966
895
129
61
24
989
69
411
514
676
694
33
771
268
582
151
291
261
758
161
941
342
270
501
323
38
368
980
599
459
630
588
441
482
474
396
489
563
252
995
978
59
88
826
643
550
509
946
475
179
73
439
975
633
554
78
696
531
649
28
299
916
695
230
334
965
591
452
893
983
48
