860
772
472
516
638
160
875
136
808
272
228
670
181
518
880
668
209
853
2
554
623
184
387
73
442
662
570
823
415
308
168
443
538
438
604
860
817
718
342
317
57
277
699
121
761
212
438
859
960
691
396
489
566
105
215
748
364
213
748
893
138
817
661
854
835
668
962
206
306
580
956
939
34
622
415
393
701
363
666
929
636
944
532
158
293
473
61
365
970
754
498
851
527
521
331
532
681
682
558
296
714
413
442
464
347
122
346
677
954
474
428
555
205
393
46
535
79
968
895
589
671
347
469
232
317
929
33
807
465
668
241
338
135
267
42
173
671
319
59
14
857
299
861
167
749
659
374
624
41
469
510
95
804
879
966
737
917
127
564
74
521
977
59
88
850
154
623
598
792
82
758
475
931
924
236
412
758
651
8
595
981
822
984
599
14
851
445
566
976
715
690
365
743
919
438
974
670
455
463
375
324
222
588
173
746
906
408
371
385
572
715
16
449
681
800
756
134
317
177
481
485
536
579
955
35
893
88
916
242
514
600
124
740
627
741
330
491
673
65
919
958
561
472
712
531
858
511
597
184
436
981
517
382
263
219
897
111
175
294
174
820
114
106
714
102
942
13
11
591
461
913
408
228
37
875
548
518
80
964
772
890
887
805
413
712
15
114
6
125
635
706
352
870
829
947
821
672
791
781
54
781
996
722
168
316
792
608
835
821
167
705
353
731
997
975
403
145
395
781
755
393
653
907
402
583
665
200
245
826
121
895
473
852
197
356
54
617
137
227
495
541
843
898
19
868
164
283
134
833
479
696
600
300
303
595
888
592
773
331
833
827
394
53
232
955
148
996
710
650
754
646
284
578
247
764
555
878
540
861
461
672
821
621
337
490
409
473
825
99
558
389
88
500
118
107
124
715
649
290
492
194
670
480
520
288
168
0
181
169
861
732
555
9
427
346
668
639
965
570
654
845
354
277
816
469
417
39
460
789
957
796
107
244
947
220
43
173
593
44
846
98
904
816
292
273
109
188
418
419
504
291
935
368
235
43
158
185
77
169
966
922
47
975
790
399
789
677
404
669
833
643
766
892
12
423
587
101
192
74
870
519
980
123
304
428
955
533
35
875
286
665
932
334
713
753
424
453
826
391
675
776
250
88
84
425
854
663
702
166
670
488
139
653
339
500
891
692
30
329
839
809
493
674
351
402
449
733
339
417
453
19
742
448
283
67
474
359
427
111
131
666
464
507
715
112
431
9
690
729
239
963
307
912
813
500
205
969
418
195
485
433
206
726
838
811
324
929
828
101
141
672
552
262
1000
518
608
231
704
652
26
329
378
526
454
371
920
129
234
118
774
526
875
471
132
451
120
416
319
558
819
4
874
419
932
637
111
970
126
192
494
518
547
552
238
668
915
498
888
713
819
746
628
505
544
968
379
220
946
307
657
594
256
411
323
47
612
289
732
787
437
864
534
987
845
885
678
64
771
410
976
970
735
489
333
308
973
826
571
585
812
75
626
940
305
973
718
56
452
778
641
771
89
393
784
686
128
627
924
166
988
301
880
943
445
960
685
463
116
145
605
468
587
780
505
816
81
492
947
683
922
257
419
159
30
292
676
225
866
915
613
547
631
349
202
507
898
655
955
9
14
738
246
961
165
296
843
32
890
573
806
682
58
553
233
67
370
196
292
548
70
274
54
566
985
903
537
465
992
491
844
667
723
7
282
524
465
848
288
848
400
993
153
48
72
615
924
547
71
395
676
868
544
237
558
637
10
544
990
831
744
382
746
699
864
584
978
612
251
556
511
308
968
524
892
301
774
284
960
989
268
174
983
895
783
365
798
212
514
640
614
838
365
600
586
716
62
707
503
132
728
703
718
695
395
232
166
331
33
741
138
971
751
21
763
654
668
764
170
628
13
217
916
523
872
50
972
533
673
41
283
482
662
149
297
960
974
611
212
416
40
926
39
763
780
408
853
206
201
98
917
790
373
356
620
180
915
808
582
609
109
742
43
239
550
85
14
918
279
991
548
993
455
610
982
753
303
41
539
616
512
290
848
501
690
773
35
558
305
446
110
199
584
241
923
111
831
215
592
49
949
345
439
646
253
463
136
640
563
238
171
371
753
844
729
367
463
135
181
345
460
857
402
627
745
713
201
487
353
520
351
611
772
939
42
565
611
833
493
344
837
370
547
663
935
169
153
458
7
514
474
745
893
398
726
75
904
203
866
143
751
241
375
48
333
278
752
559
283
781
698
849
920
601
183
490
814
638
963
866
570
