0
1
2
3
4
5
6
7
8
9
10
11
12
13
14
15
16
17
18
19
20
21
22
23
24
25
26
27
28
29
30
31
32
33
34
35
36
37
38
39
40
41
42
43
44
45
46
47
48
49
50
51
52
53
54
55
56
57
58
59
60
61
62
63
64
65
66
67
68
69
70
71
72
73
74
75
76
77
78
79
80
81
82
83
84
85
86
87
88
89
90
91
92
93
94
95
96
97
98
99
100
101
102
103
104
105
106
107
108
109
110
111
112
113
114
115
116
117
118
119
120
121
122
123
124
125
126
127
128
129
130
131
132
133
134
135
136
137
138
139
140
141
142
143
144
145
146
147
148
149
150
151
152
153
154
155
156
157
158
159
160
161
162
163
164
165
166
167
168
169
170
171
172
173
174
175
176
177
178
179
180
181
182
183
184
185
186
187
188
189
190
191
192
193
194
195
196
197
198
199
200
201
202
203
204
205
206
207
208
209
210
211
212
213
214
215
216
217
218
219
220
221
222
223
224
225
226
227
228
229
230
231
232
233
234
235
236
237
238
239
240
241
242
243
244
245
246
247
248
249
250
251
252
253
254
255
256
257
258
259
260
261
262
263
264
265
266
267
268
269
270
271
272
273
274
275
276
277
278
279
280
281
282
283
284
285
286
287
288
289
290
291
292
293
294
295
296
297
298
299
300
301
302
303
304
305
306
307
308
309
310
311
312
313
314
315
316
317
318
319
320
321
322
323
324
325
326
327
328
329
330
331
332
333
334
335
336
337
338
339
340
341
342
343
344
345
346
347
348
349
350
351
352
353
354
355
356
357
358
359
360
361
362
363
364
365
366
367
368
369
370
371
372
373
374
375
376
377
378
379
380
381
382
383
384
385
386
387
388
389
390
391
392
393
394
395
396
397
398
399
603
591
652
484
620
431
625
743
876
736
868
479
770
729
828
401
481
622
775
989
554
533
691
892
955
632
945
572
530
859
902
842
472
845
911
823
672
967
689
791
419
640
539
857
613
668
615
526
540
626
925
794
798
678
619
405
878
608
649
677
718
685
426
582
602
903
661
888
824
546
968
403
929
785
821
927
786
437
746
741
765
813
982
827
702
643
507
792
896
470
731
806
684
913
719
432
848
953
468
959
763
950
899
886
662
773
769
829
573
518
461
452
733
757
963
881
402
784
862
910
991
779
550
708
801
579
641
509
410
836
908
844
614
804
544
758
714
810
592
705
781
585
569
616
724
576
943
942
473
412
861
734
532
628
966
716
759
735
713
695
561
646
411
483
612
727
793
610
898
875
454
706
621
467
516
489
879
568
462
559
954
983
555
570
984
814
453
817
854
651
838
934
753
595
924
400
597
742
883
583
912
805
935
938
918
511
931
519
444
993
588
728
571
629
973
609
772
565
440
739
416
947
660
442
764
987
928
517
860
505
587
901
960
725
907
552
655
630
523
856
884
880
563
427
417
768
586
815
783
439
858
833
681
978
541
811
789
778
494
797
503
469
560
536
459
521
756
575
460
721
851
748
760
578
657
477
639
891
882
726
492
701
458
933
604
740
872
802
642
820
906
486
788
562
832
590
406
840
471
965
670
635
744
446
852
776
433
990
853
951
894
429
435
865
923
556
803
766
830
598
998
835
698
664
531
937
795
682
866
754
762
855
952
809
558
669
750
999
496
679
671
497
995
961
667
834
977
465
475
986
482
816
915
874
663
693
627
777
932
796
542
428
449
749
890
703
476
658
992
553
996
864
730
638
909
751
688
421
737
839
504
491
457
506
863
921
782
976
423
774
413
436
528
715
501
940
589
962
605
474
466
917
502
900
645
957
606
895
656
897
825
666
445
877
970
566
893
680
873
520
408
956
499
599
422
936
732
490
534
623
551
707
889
930
480
683
488
447
512
975
450
711
513
941
514
418
964
448
529
515
985
430
687
451
694
527
549
696
584
807
547
997
790
424
700
712
761
634
478
826
498
456
969
487
654
596
812
650
673
495
926
676
414
624
699
905
980
581
557
537
637
580
949
787
870
500
407
463
493
831
548
443
922
648
780
767
704
981
601
939
567
800
747
887
745
607
850
593
675
409
871
535
799
636
869
972
434
538
631
822
971
617
771
692
994
948
697
653
755
904
818
752
543
600
618
420
404
709
867
723
717
914
946
633
849
720
974
847
843
819
885
738
647
722
425
441
510
508
415
686
808
988
979
545
841
920
525
710
594
916
846
524
438
611
455
690
574
564
919
958
944
659
485
644
837
674
464
665
522
577
